[gd_scene load_steps=7 format=2]

[ext_resource path="res://materials/fabric.material" type="Material" id=1]
[ext_resource path="res://scenes/salmon.tscn" type="PackedScene" id=2]
[ext_resource path="res://scenes/plate.tscn" type="PackedScene" id=3]
[ext_resource path="res://scenes/multipieces.tscn" type="PackedScene" id=5]

[sub_resource type="BoxShape" id=1]
extents = Vector3( 25, 1, 25 )

[sub_resource type="PlaneMesh" id=2]
material = ExtResource( 1 )
size = Vector2( 25, 25 )

[node name="Game" type="Spatial"]

[node name="multipieces" parent="." instance=ExtResource( 5 )]
transform = Transform( -1, 0, -8.74228e-08, 0, 1, 0, 8.74228e-08, 0, -1, 0, 0.517664, -1 )
piece_color = Color( 0, 0.454902, 0.113725, 1 )

[node name="multipieces2" parent="." instance=ExtResource( 5 )]
transform = Transform( 1, 0, 0, 0, 1, 0, 0, 0, 1, 0, 0.517664, 1 )
piece_color = Color( 0.929412, 0.470588, 0.168627, 1 )

[node name="multipieces3" parent="." instance=ExtResource( 5 )]
transform = Transform( 0.5, 0, -0.866025, 0, 1, 0, 0.866025, 0, 0.5, -1, 0.517664, 0.5 )
piece_color = Color( 0.941176, 0.72549, 0.0784314, 1 )

[node name="multipieces4" parent="." instance=ExtResource( 5 )]
transform = Transform( 0.5, 0, 0.866025, 0, 1, 0, -0.866025, 0, 0.5, 1, 0.517664, 0.5 )
piece_color = Color( 0.478431, 0.168627, 0.929412, 1 )

[node name="multipieces5" parent="." instance=ExtResource( 5 )]
transform = Transform( -0.5, 0, -0.866026, 0, 1, 0, 0.866026, 0, -0.5, -1, 0.517664, -0.5 )
piece_color = Color( 0.870588, 0.407843, 0.407843, 1 )

[node name="multipieces6" parent="." instance=ExtResource( 5 )]
transform = Transform( -0.5, 0, 0.866026, 0, 1, 0, -0.866026, 0, -0.5, 1, 0.517664, -0.5 )
piece_color = Color( 0.945098, 0.839216, 0.588235, 1 )

[node name="Floor" type="StaticBody" parent="."]
input_ray_pickable = false

[node name="CollisionShape" type="CollisionShape" parent="Floor"]
transform = Transform( 1, 0, 0, 0, 1, 0, 0, 0, 1, 0, -1, 0 )
shape = SubResource( 1 )

[node name="CSGMesh" type="CSGMesh" parent="Floor"]
mesh = SubResource( 2 )

[node name="DirectionalLight" type="DirectionalLight" parent="."]
transform = Transform( 0.707107, -0.707107, -3.09086e-08, 0, -4.37114e-08, 1, -0.707107, -0.707107, -3.09086e-08, -0.266087, 13.3411, -0.0399024 )
light_energy = 0.8
light_indirect_energy = 2.0

[node name="plate" parent="." instance=ExtResource( 3 )]
transform = Transform( 1, 0, 0, 0, 1, 0, 0, 0, 1, 0, 0.0622966, 0 )

[node name="salmon" parent="." instance=ExtResource( 2 )]
transform = Transform( 1, 0, 0, 0, 1, 0, 0, 0, 1, -0.0889326, 0.492035, 0.0773687 )

[node name="salmon2" parent="." instance=ExtResource( 2 )]
transform = Transform( 1, 0, 0, 0, 1, 0, 0, 0, 1, -0.549524, 0.52542, 0.00805151 )

[node name="salmon3" parent="." instance=ExtResource( 2 )]
transform = Transform( 1, 0, 0, 0, 1, 0, 0, 0, 1, 0.38085, 0.534317, -0.0115485 )

[node name="salmon4" parent="." instance=ExtResource( 2 )]
transform = Transform( 1, 0, 0, 0, 1, 0, 0, 0, 1, -0.0889326, 0.770252, 0.0776057 )

[node name="salmon5" parent="." instance=ExtResource( 2 )]
transform = Transform( 1, 0, 0, 0, 1, 0, 0, 0, 1, -0.549524, 0.803637, 0.0082885 )

[node name="salmon6" parent="." instance=ExtResource( 2 )]
transform = Transform( 1, 0, 0, 0, 1, 0, 0, 0, 1, 0.38085, 0.812534, -0.0113115 )

[node name="salmon7" parent="." instance=ExtResource( 2 )]
transform = Transform( 1, 0, 0, 0, 1, 0, 0, 0, 1, -0.0889326, 1.0806, -0.0118806 )

[node name="salmon8" parent="." instance=ExtResource( 2 )]
transform = Transform( 1, 0, 0, 0, 1, 0, 0, 0, 1, -0.549524, 1.11398, -0.0811979 )

[node name="salmon9" parent="." instance=ExtResource( 2 )]
transform = Transform( 1, 0, 0, 0, 1, 0, 0, 0, 1, 0.38085, 1.12288, -0.100798 )
