[gd_scene load_steps=8 format=2]

[ext_resource path="res://scenes/plate.tscn" type="PackedScene" id=3]
[ext_resource path="res://scenes/multipieces.tscn" type="PackedScene" id=5]

[sub_resource type="BoxShape" id=1]
extents = Vector3( 25, 1, 25 )

[sub_resource type="VisualShaderNodeColorConstant" id=3]
constant = Color( 0, 0, 0, 1 )

[sub_resource type="VisualShader" id=4]
code = "shader_type spatial;
render_mode blend_add, specular_schlick_ggx;




void vertex() {
// Output:0

}

void fragment() {
// Color:2
	vec3 n_out2p0 = vec3(0.000000, 0.000000, 0.000000);
	float n_out2p1 = 1.000000;

// Output:0
	ALBEDO = n_out2p0;

}

void light() {
// Output:0

}
"
modes/blend = 1
nodes/fragment/0/position = Vector2( 680, 40 )
nodes/fragment/2/node = SubResource( 3 )
nodes/fragment/2/position = Vector2( 416, 186 )
nodes/fragment/connections = PoolIntArray( 2, 0, 0, 0 )

[sub_resource type="ShaderMaterial" id=5]
shader = SubResource( 4 )

[sub_resource type="PlaneMesh" id=2]
material = SubResource( 5 )
size = Vector2( 10, 10 )

[node name="Game" type="Spatial"]

[node name="multipieces" parent="." instance=ExtResource( 5 )]
transform = Transform( -1, 0, -8.74228e-08, 0, 1, 0, 8.74228e-08, 0, -1, 0, 0.5, -1 )
piece_color = Color( 0, 0.454902, 0.113725, 1 )

[node name="multipieces2" parent="." instance=ExtResource( 5 )]
transform = Transform( 1, 0, 0, 0, 1, 0, 0, 0, 1, 0, 0.5, 1 )
piece_color = Color( 0.929412, 0.470588, 0.168627, 1 )

[node name="multipieces3" parent="." instance=ExtResource( 5 )]
transform = Transform( 0.5, 0, -0.866025, 0, 1, 0, 0.866025, 0, 0.5, -1, 0.5, 0.5 )
piece_color = Color( 0.941176, 0.72549, 0.0784314, 1 )

[node name="multipieces4" parent="." instance=ExtResource( 5 )]
transform = Transform( 0.5, 0, 0.866025, 0, 1, 0, -0.866025, 0, 0.5, 1, 0.5, 0.5 )
piece_color = Color( 0.478431, 0.168627, 0.929412, 1 )

[node name="multipieces5" parent="." instance=ExtResource( 5 )]
transform = Transform( -0.5, 0, -0.866026, 0, 1, 0, 0.866026, 0, -0.5, -1, 0.5, -0.5 )
piece_color = Color( 0.870588, 0.407843, 0.407843, 1 )

[node name="multipieces6" parent="." instance=ExtResource( 5 )]
transform = Transform( -0.5, 0, 0.866026, 0, 1, 0, -0.866026, 0, -0.5, 1, 0.5, -0.5 )
piece_color = Color( 0.945098, 0.839216, 0.588235, 1 )

[node name="Floor" type="StaticBody" parent="."]
input_ray_pickable = false

[node name="CollisionShape" type="CollisionShape" parent="Floor"]
transform = Transform( 1, 0, 0, 0, 1, 0, 0, 0, 1, 0, -1, 0 )
shape = SubResource( 1 )

[node name="CSGMesh" type="CSGMesh" parent="Floor"]
mesh = SubResource( 2 )

[node name="DirectionalLight" type="DirectionalLight" parent="."]
transform = Transform( 1, 0, 0, 0, -4.37114e-08, 1, 0, -1, -4.37114e-08, 0, 31.604, 0 )

[node name="plate" parent="." instance=ExtResource( 3 )]
